SR-S-PHI-n0.25-k-2.png Success Rate: S Map, Phi=-0.25, k=2
     agent  task_per_agent  task_num  task_success  time_ms
48      10               2        20          14.5     12.7
75      10               2        20          14.1     41.6
78      10               2        20          14.0     44.4
168     20               2        40          30.0     49.4
195     20               2        40          30.5    150.9
198     20               2        40          30.7    133.1
288     30               2        60          46.2     91.6
315     30               2        60          47.5    363.7
318     30               2        60          47.5    291.6
408     40               2        80          60.5    176.8
435     40               2        80          62.0    752.9
438     40               2        80          62.7    506.7
528     50               2       100          76.2    267.7
555     50               2       100          78.3   1284.2
558     50               2       100          78.7    780.6
SR-S-PHI-n0.25-k-5.png Success Rate: S Map, Phi=-0.25, k=5
     agent  task_per_agent  task_num  task_success  time_ms
88      10               5        50          41.5     42.9
115     10               5        50          40.1    209.6
118     10               5        50          40.2    165.6
208     20               5       100          88.3    121.9
235     20               5       100          86.7   1190.1
238     20               5       100          86.3    604.5
328     30               5       150         133.8    272.3
355     30               5       150         131.8   3415.2
358     30               5       150         133.0   1272.7
448     40               5       200         179.7    482.4
475     40               5       200         175.4   8291.9
478     40               5       200         178.0   2176.6
568     50               5       250         223.6    836.4
595     50               5       250         218.9  14783.1
598     50               5       250         223.2   3266.7
SR-S-PHI-n0.25-k-10.png Success Rate: S Map, Phi=-0.25, k=10
     agent  task_per_agent  task_num  task_success  time_ms
8       10              10       100          90.4     73.6
35      10              10       100          86.4    651.4
38      10              10       100          87.1    327.1
128     20              10       200         187.4    254.1
155     20              10       200         178.3   4028.9
158     20              10       200         178.6   1212.8
248     30              10       300         281.8    563.8
275     30              10       300         270.8  13630.5
278     30              10       300         272.5   2755.2
368     40              10       400         376.1   1108.0
395     40              10       400         359.3  31192.5
398     40              10       400         365.7   4913.1
488     50              10       500         469.4   1914.9
515     50              10       500         449.8  62833.0
518     50              10       500         456.2   7394.5
SR-S-PHI-n0.1-k-2.png Success Rate: S Map, Phi=-0.1, k=2
     agent  task_per_agent  task_num  task_success  time_ms
46      10               2        20          17.1     15.0
69      10               2        20          17.5     53.3
72      10               2        20          17.6     52.7
166     20               2        40          34.9     54.7
189     20               2        40          35.5    182.9
192     20               2        40          35.5    173.6
286     30               2        60          52.8    107.4
309     30               2        60          54.4    523.7
312     30               2        60          54.4    369.3
406     40               2        80          70.2    189.2
429     40               2        80          72.2   1044.0
432     40               2        80          72.1    638.4
526     50               2       100          88.0    301.1
549     50               2       100          90.3   1883.7
552     50               2       100          89.8    966.8
SR-S-PHI-n0.1-k-5.png Success Rate: S Map, Phi=-0.1, k=5
     agent  task_per_agent  task_num  task_success  time_ms
86      10               5        50          45.8     45.3
109     10               5        50          46.1    243.7
112     10               5        50          46.2    202.4
206     20               5       100          95.7    142.5
229     20               5       100          96.1   1428.8
232     20               5       100          96.0    721.3
326     30               5       150         143.2    302.5
349     30               5       150         143.9   4839.7
352     30               5       150         144.1   1683.5
446     40               5       200         191.1    556.5
469     40               5       200         192.8  11807.4
472     40               5       200         192.8   2963.8
566     50               5       250         237.7    953.5
589     50               5       250         240.8  25663.7
592     50               5       250         240.2   4059.4
SR-S-PHI-n0.1-k-10.png Success Rate: S Map, Phi=-0.1, k=10
     agent  task_per_agent  task_num  task_success   time_ms
6       10              10       100          96.5      85.8
29      10              10       100          96.7    1051.2
32      10              10       100          96.7     585.8
126     20              10       200         194.8     325.7
149     20              10       200         196.3    7457.5
152     20              10       200         196.3    2184.2
246     30              10       300         292.7     706.5
269     30              10       300         293.9   27052.3
272     30              10       300         294.2    4429.9
366     40              10       400         387.4    1399.5
389     40              10       400         391.1   70079.4
392     40              10       400         392.7    7421.1
486     50              10       500         487.7    2500.2
509     50              10       500         488.4  143429.2
512     50              10       500         486.4   10238.3
SR-S-PHI-0.0-k-2.png Success Rate: S Map, Phi=0.0, k=2
     agent  task_per_agent  task_num  task_success  time_ms
40      10               2        20          19.0     16.6
51      10               2        20          19.6     57.1
54      10               2        20          19.6     61.2
160     20               2        40          38.6     57.3
171     20               2        40          38.7    233.4
174     20               2        40          38.9    187.8
280     30               2        60          57.4    111.4
291     30               2        60          58.8    621.8
294     30               2        60          58.7    436.7
400     40               2        80          76.2    195.8
411     40               2        80          77.8   1364.4
414     40               2        80          77.7    850.2
520     50               2       100          94.5    330.1
531     50               2       100          96.8   2600.5
534     50               2       100          96.9   1295.8
SR-S-PHI-0.0-k-5.png Success Rate: S Map, Phi=0.0, k=5
     agent  task_per_agent  task_num  task_success  time_ms
80      10               5        50          49.0     45.0
91      10               5        50          49.2    251.8
94      10               5        50          49.1    212.5
200     20               5       100          98.8    143.8
211     20               5       100          99.5   1690.3
214     20               5       100          99.3    869.2
320     30               5       150         148.1    298.9
331     30               5       150         149.4   5285.3
334     30               5       150         149.0   1833.7
440     40               5       200         197.3    608.5
451     40               5       200         198.5  12525.4
454     40               5       200         198.6   3240.3
560     50               5       250         245.3   1068.0
571     50               5       250         247.6  26299.2
574     50               5       250         247.1   4765.4
SR-S-PHI-0.0-k-10.png Success Rate: S Map, Phi=0.0, k=10
     agent  task_per_agent  task_num  task_success   time_ms
0       10              10       100          99.1      91.1
11      10              10       100          99.5    1160.8
14      10              10       100          99.5     626.3
120     20              10       200         198.7     318.0
131     20              10       200         199.4    9098.8
134     20              10       200         199.4    2381.7
240     30              10       300         298.2     742.6
251     30              10       300         298.1   30699.5
254     30              10       300         298.6    4684.5
360     40              10       400         396.7    1380.4
371     40              10       400         396.9   71269.7
374     40              10       400         397.0    7707.8
480     50              10       500         493.7    2407.4
491     50              10       500         495.6  147006.4
494     50              10       500         494.6   11740.1
SR-S-PHI-0.1-k-2.png Success Rate: S Map, Phi=0.1, k=2
     agent  task_per_agent  task_num  task_success  time_ms
42      10               2        20          19.6     17.1
57      10               2        20          20.0     60.3
60      10               2        20          20.0     61.1
162     20               2        40          39.5     58.3
177     20               2        40          39.8    232.0
180     20               2        40          39.8    193.6
282     30               2        60          58.9    122.0
297     30               2        60          59.4    619.6
300     30               2        60          59.4    441.7
402     40               2        80          78.0    229.9
417     40               2        80          79.0   1413.7
420     40               2        80          79.1    794.8
522     50               2       100          97.9    349.8
537     50               2       100          99.1   2640.7
540     50               2       100          98.5   1279.3
SR-S-PHI-0.1-k-5.png Success Rate: S Map, Phi=0.1, k=5
     agent  task_per_agent  task_num  task_success  time_ms
82      10               5        50          49.8     45.7
97      10               5        50          50.0    300.6
100     10               5        50          50.0    234.6
202     20               5       100          99.4    173.6
217     20               5       100          99.7   1831.9
220     20               5       100          99.9    863.8
322     30               5       150         149.1    330.9
337     30               5       150         149.8   5592.5
340     30               5       150         149.8   1702.7
442     40               5       200         199.1    604.0
457     40               5       200         197.6  13392.8
460     40               5       200         196.6   2897.7
562     50               5       250         248.3   1023.8
577     50               5       250         248.6  27265.0
580     50               5       250         249.2   4409.1
SR-S-PHI-0.1-k-10.png Success Rate: S Map, Phi=0.1, k=10
     agent  task_per_agent  task_num  task_success   time_ms
2       10              10       100          99.7      88.2
17      10              10       100          99.9    1253.4
20      10              10       100          99.9     631.7
122     20              10       200         199.7     324.1
137     20              10       200         199.7    9098.8
140     20              10       200         199.7    2397.9
242     30              10       300         299.5     740.0
257     30              10       300         299.6   31621.7
260     30              10       300         299.5    4613.2
362     40              10       400         398.3    1296.9
377     40              10       400         399.0   68258.8
380     40              10       400         399.1    7272.0
482     50              10       500         495.9    2324.9
497     50              10       500         493.1  143006.5
500     50              10       500         497.2   10168.4
SR-S-PHI-0.25-k-2.png Success Rate: S Map, Phi=0.25, k=2
     agent  task_per_agent  task_num  task_success  time_ms
44      10               2        20          19.9     18.2
63      10               2        20          20.0     66.4
66      10               2        20          20.0     61.2
164     20               2        40          40.0     64.4
183     20               2        40          40.0    232.5
186     20               2        40          40.0    201.1
284     30               2        60          60.0    128.4
303     30               2        60          60.0    628.7
306     30               2        60          60.0    444.1
404     40               2        80          79.7    218.8
423     40               2        80          79.8   1324.0
426     40               2        80          79.8    778.1
524     50               2       100          99.8    349.0
543     50               2       100          99.9   2590.4
546     50               2       100          99.9   1214.2
SR-S-PHI-0.25-k-5.png Success Rate: S Map, Phi=0.25, k=5
     agent  task_per_agent  task_num  task_success  time_ms
84      10               5        50          50.0     51.2
103     10               5        50          50.0    291.4
106     10               5        50          50.0    234.2
204     20               5       100          99.9    163.3
223     20               5       100         100.0   1822.3
226     20               5       100         100.0    872.2
324     30               5       150         150.0    341.6
343     30               5       150         150.0   5909.0
346     30               5       150         150.0   1659.5
444     40               5       200         199.8    560.3
463     40               5       200         199.9  13265.1
466     40               5       200         199.9   2862.1
564     50               5       250         249.1   1021.3
583     50               5       250         249.9  26415.7
586     50               5       250         249.7   4340.4
SR-S-PHI-0.25-k-10.png Success Rate: S Map, Phi=0.25, k=10
     agent  task_per_agent  task_num  task_success   time_ms
4       10              10       100          99.9      90.5
23      10              10       100          99.9    1427.6
26      10              10       100          99.9     691.8
124     20              10       200         200.0     343.0
143     20              10       200         197.6    8656.0
146     20              10       200         197.1    2180.6
244     30              10       300         299.9     734.6
263     30              10       300         299.9   30728.3
266     30              10       300         299.9    4427.5
364     40              10       400         399.5    1386.6
383     40              10       400         399.4   66136.0
386     40              10       400         397.2    7184.2
484     50              10       500         495.3    2161.5
503     50              10       500         498.7  139943.0
506     50              10       500         499.7   10487.2
SR-L-PHI-n0.25-k-2.png Success Rate: L Map, Phi=-0.25, k=2
     agent  task_per_agent  task_num  task_success  time_ms
38     120               2       240         188.5   2774.8
56     120               2       240         196.1  20551.6
58     120               2       240         191.6   6452.9
128    150               2       300         232.9   5000.1
146    150               2       300         242.7  39820.1
148    150               2       300         236.1  11421.9
218    180               2       360         273.4   8708.0
236    180               2       360         281.6  72023.1
238    180               2       360         276.0  18916.3
308     60               2       120          97.0    524.8
326     60               2       120          99.3   2682.5
328     60               2       120          98.7   1434.6
398     90               2       180         143.4   1261.7
416     90               2       180         148.3   8543.9
418     90               2       180         146.8   3336.9
SR-L-PHI-n0.25-k-5.png Success Rate: L Map, Phi=-0.25, k=5
     agent  task_per_agent  task_num  task_success    time_ms
68     120               5       600         547.2     9784.6
86     120               5       600         549.6   340456.3
88     120               5       600         549.1    27506.3
158    150               5       750         679.4    18177.0
176    150               5       750         674.4   591585.9
178    150               5       750         678.4    47158.2
248    180               5       900         795.0    29901.1
258    180               5       900         777.8  1046326.3
260    180               5       900         804.8    74997.6
338     60               5       300         275.2     1744.3
356     60               5       300         277.5    39459.4
358     60               5       300         277.1     6445.2
428     90               5       450         411.9     4875.2
446     90               5       450         415.3   142787.8
448     90               5       450         414.0    14964.2
SR-L-PHI-n0.25-k-10.png Success Rate: L Map, Phi=-0.25, k=10
     agent  task_per_agent  task_num  task_success    time_ms
8      120              10      1200        1136.2    24637.0
26     120              10      1200        1132.3  1607131.8
28     120              10      1200        1146.3    70411.1
98     150              10      1500        1408.7    42549.9
116    150              10      1500        1376.8  2694876.9
118    150              10      1500        1425.2   112313.2
188    180              10      1800        1659.5    70402.9
206    180              10      1800        1594.0  3773797.0
208    180              10      1800        1678.9   164553.2
278     60              10       600         574.1     4197.2
296     60              10       600         575.6   211896.6
298     60              10       600         576.5    17425.6
368     90              10       900         858.5    10981.7
386     90              10       900         859.7   730681.2
388     90              10       900         861.8    38357.1
SR-L-PHI-n0.1-k-2.png Success Rate: L Map, Phi=-0.1, k=2
     agent  task_per_agent  task_num  task_success   time_ms
36     120               2       240         216.5    3142.5
52     120               2       240         223.0   30150.2
54     120               2       240         218.6    8179.0
126    150               2       300         266.3    5690.9
142    150               2       300         276.3   59826.1
144    150               2       300         270.5   14413.6
216    180               2       360         315.2    9577.5
232    180               2       360         323.6  103502.3
234    180               2       360         319.6   23277.7
306     60               2       120         109.7     571.2
322     60               2       120         112.7    3719.6
324     60               2       120         111.8    1698.1
396     90               2       180         164.5    1409.8
412     90               2       180         169.5   12186.9
414     90               2       180         166.8    4119.8
SR-L-PHI-n0.1-k-5.png Success Rate: L Map, Phi=-0.1, k=5
     agent  task_per_agent  task_num  task_success      time_ms
66     120               5       600        573.50    10166.600
82     120               5       600        579.60   396095.400
84     120               5       600        578.20    30812.900
156    150               5       750        715.50    19023.500
172    150               5       750        719.30   770772.000
174    150               5       750        713.40    54145.400
246    180               5       900        845.00    31383.300
256    180               5       900        842.90    87143.900
268    180               5       900        838.25  1329065.375
336     60               5       300        289.60     1969.800
352     60               5       300        292.20    46637.500
354     60               5       300        291.70     6670.100
426     90               5       450        432.00     4966.100
442     90               5       450        435.70   169209.600
444     90               5       450        435.00    16144.500
SR-L-PHI-n0.1-k-10.png Success Rate: L Map, Phi=-0.1, k=10
     agent  task_per_agent  task_num  task_success    time_ms
6      120              10      1200        1172.4    25467.0
22     120              10      1200        1170.7  2386354.8
24     120              10      1200        1170.6    78093.2
96     150              10      1500        1455.3    47357.5
112    150              10      1500        1424.7  5163560.6
114    150              10      1500        1454.4   126873.8
186    180              10      1800        1716.5    76852.3
202    180              10      1800        1709.4  8883082.7
204    180              10      1800        1718.9   208400.5
276     60              10       600         589.2     4354.3
292     60              10       600         592.2   283951.5
294     60              10       600         590.0    17268.0
366     90              10       900         881.3    12182.3
382     90              10       900         883.6  1015994.6
384     90              10       900         884.5    38722.6
SR-L-PHI-0.0-k-2.png Success Rate: L Map, Phi=0.0, k=2
     agent  task_per_agent  task_num  task_success   time_ms
30     120               2       240         230.1    3213.2
40     120               2       240         237.0   40904.9
42     120               2       240         233.7   10379.0
120    150               2       300         284.0    6237.1
130    150               2       300         293.0   85426.5
132    150               2       300         288.2   18090.3
210    180               2       360         337.9   10136.3
220    180               2       360         347.4  150737.2
222    180               2       360         340.3   30902.3
300     60               2       120         117.5     617.2
310     60               2       120         119.5    4529.7
312     60               2       120         119.2    2029.1
390     90               2       180         175.4    1601.5
400     90               2       180         178.1   15485.6
402     90               2       180         177.4    5207.8
SR-L-PHI-0.0-k-5.png Success Rate: L Map, Phi=0.0, k=5
     agent  task_per_agent  task_num  task_success    time_ms
60     120               5       600    589.000000    10279.9
70     120               5       600    592.800000   471576.2
72     120               5       600    591.700000    34670.2
150    150               5       750    731.800000    18424.8
160    150               5       750    739.600000  1024913.6
162    150               5       750    731.900000    59137.1
240    180               5       900    870.500000    31056.4
250    180               5       900    866.100000    98040.6
262    180               5       900    877.333333  1524750.5
330     60               5       300    296.800000     1979.8
340     60               5       300    299.400000    51307.2
342     60               5       300    298.800000     7582.5
420     90               5       450    443.300000     5068.3
430     90               5       450    448.200000   192116.5
432     90               5       450    446.100000    18217.4
SR-L-PHI-0.0-k-10.png Success Rate: L Map, Phi=0.0, k=10
     agent  task_per_agent  task_num  task_success    time_ms
0      120              10      1200        1183.5    25350.3
10     120              10      1200        1184.0  2498566.6
12     120              10      1200        1188.6    81729.4
90     150              10      1500        1469.1    43427.2
100    150              10      1500        1471.4  6601509.0
102    150              10      1500        1477.9   136894.7
180    180              10      1800        1749.7    72318.9
190    180              10      1800        1742.5  9449544.9
192    180              10      1800        1737.9   230738.2
270     60              10       600         596.1     4754.5
280     60              10       600         598.9   311498.4
282     60              10       600         598.7    17930.4
360     90              10       900         893.4    12098.1
370     90              10       900         893.2  1107121.1
372     90              10       900         893.2    40960.7
SR-L-PHI-0.1-k-2.png Success Rate: L Map, Phi=0.1, k=2
     agent  task_per_agent  task_num  task_success   time_ms
32     120               2       240         236.8    3476.9
44     120               2       240         239.6   37476.8
46     120               2       240         238.0    9327.9
122    150               2       300         295.0    6366.9
134    150               2       300         297.6   77474.4
136    150               2       300         296.0   17421.4
212    180               2       360         349.0   10778.7
224    180               2       360         356.8  139839.8
226    180               2       360         351.2   28900.1
302     60               2       120         119.8     625.6
314     60               2       120         119.8    4386.6
316     60               2       120         119.7    1874.5
392     90               2       180         178.8    1596.9
404     90               2       180         179.9   15191.8
406     90               2       180         179.4    4655.0
SR-L-PHI-0.1-k-5.png Success Rate: L Map, Phi=0.1, k=5
     agent  task_per_agent  task_num  task_success    time_ms
62     120               5       600    595.700000    10212.8
74     120               5       600    597.600000   480479.9
76     120               5       600    595.700000    30030.6
152    150               5       750    740.000000    18234.7
164    150               5       750    743.700000   935183.2
166    150               5       750    742.900000    56013.0
242    180               5       900    882.300000    30206.8
252    180               5       900    884.500000    93770.6
264    180               5       900    890.833333  1396898.5
332     60               5       300    298.900000     2136.8
344     60               5       300    299.900000    49586.4
346     60               5       300    299.800000     6875.6
422     90               5       450    447.700000     5194.2
434     90               5       450    449.900000   183914.0
436     90               5       450    447.500000    16291.6
SR-L-PHI-0.1-k-10.png Success Rate: L Map, Phi=0.1, k=10
     agent  task_per_agent  task_num  task_success    time_ms
2      120              10      1200        1195.1    23471.2
14     120              10      1200        1191.2  2641034.0
16     120              10      1200        1190.3    76380.4
92     150              10      1500        1482.7    42855.9
104    150              10      1500        1481.3  5967156.7
106    150              10      1500        1473.5   131743.8
182    180              10      1800        1765.2    69894.8
194    180              10      1800        1756.2  9437336.8
196    180              10      1800        1764.1   219384.8
272     60              10       600         597.4     4318.3
284     60              10       600         599.5   278679.6
286     60              10       600         599.3    17209.8
362     90              10       900         897.9    12111.1
374     90              10       900         897.3  1053133.9
376     90              10       900         890.0    40628.4
SR-L-PHI-0.25-k-2.png Success Rate: L Map, Phi=0.25, k=2
     agent  task_per_agent  task_num  task_success   time_ms
34     120               2       240         239.6    3509.9
48     120               2       240         240.0   37250.8
50     120               2       240         239.9    9521.9
124    150               2       300         299.3    6306.0
138    150               2       300         299.2   77263.5
140    150               2       300         299.4   17231.6
214    180               2       360         356.8   10375.9
228    180               2       360         359.6  139675.9
230    180               2       360         359.3   30717.4
304     60               2       120         120.0     609.8
318     60               2       120         120.0    4327.7
320     60               2       120         120.0    1851.2
394     90               2       180         179.9    1594.0
408     90               2       180         179.9   14340.2
410     90               2       180         180.0    4477.0
SR-L-PHI-0.25-k-5.png Success Rate: L Map, Phi=0.25, k=5
     agent  task_per_agent  task_num  task_success      time_ms
64     120               5       600       599.300    10143.200
78     120               5       600       597.300   427074.400
80     120               5       600       599.800    32382.800
154    150               5       750       747.800    17647.400
168    150               5       750       747.500   908838.600
170    150               5       750       744.500    57167.000
244    180               5       900       896.100    29386.900
254    180               5       900       895.200    97834.200
266    180               5       900       882.875  1457267.625
334     60               5       300       300.000     2031.500
348     60               5       300       300.000    50947.100
350     60               5       300       299.900     6766.900
424     90               5       450       450.000     4970.400
438     90               5       450       449.500   169932.500
440     90               5       450       449.900    15633.600
SR-L-PHI-0.25-k-10.png Success Rate: L Map, Phi=0.25, k=10
     agent  task_per_agent  task_num  task_success    time_ms
4      120              10      1200        1192.0    24004.9
18     120              10      1200        1190.5  2575274.0
20     120              10      1200        1192.8    77875.0
94     150              10      1500        1476.9    39166.1
108    150              10      1500        1478.8  5668928.4
110    150              10      1500        1478.3   139571.1
184    180              10      1800        1766.9    68564.2
198    180              10      1800        1745.0  8614665.8
200    180              10      1800        1761.5   222126.0
274     60              10       600         599.7     4303.4
288     60              10       600         598.6   281677.1
290     60              10       600         598.9    16500.1
364     90              10       900         898.7    10882.3
378     90              10       900         898.9   942492.2
380     90              10       900         899.1    37986.8
DP-S-PHI-n0.25.png Dummy Path: S Map, Phi=-0.25
    agent  task_per_agent  task_num_all  time_ms_all  time_ms_dynamic     ratio
0      10              10           100        642.2            651.4  0.985877
1      10               2            20         39.5             41.6  0.949519
2      10               5            50        199.1            209.6  0.949905
3      20              10           200       4036.9           4028.9  1.001986
4      20               2            40        148.1            150.9  0.981445
5      20               5           100       1187.9           1190.1  0.998151
6      30              10           300      13530.4          13630.5  0.992656
7      30               2            60        358.2            363.7  0.984878
8      30               5           150       3406.5           3415.2  0.997453
9      40              10           400      31303.2          31192.5  1.003549
10     40               2            80        755.2            752.9  1.003055
11     40               5           200       8325.7           8291.9  1.004076
12     50              10           500      62799.1          62833.0  0.999460
13     50               2           100       1283.4           1284.2  0.999377
14     50               5           250      14802.2          14783.1  1.001292
DP-S-PHI-n0.1.png Dummy Path: S Map, Phi=-0.1
    agent  task_per_agent  task_num_all  time_ms_all  time_ms_dynamic     ratio
0      10              10           100       1059.0           1051.2  1.007420
1      10               2            20         49.2             53.3  0.923077
2      10               5            50        246.9            243.7  1.013131
3      20              10           200       7494.9           7457.5  1.005015
4      20               2            40        188.9            182.9  1.032805
5      20               5           100       1435.0           1428.8  1.004339
6      30              10           300      27079.4          27052.3  1.001002
7      30               2            60        509.4            523.7  0.972694
8      30               5           150       4833.1           4839.7  0.998636
9      40              10           400      70174.6          70079.4  1.001358
10     40               2            80       1034.6           1044.0  0.990996
11     40               5           200      11788.6          11807.4  0.998408
12     50              10           500     143606.9         143429.2  1.001239
13     50               2           100       1887.5           1883.7  1.002017
14     50               5           250      25765.1          25663.7  1.003951
DP-S-PHI-0.0.png Dummy Path: S Map, Phi=0.0
    agent  task_per_agent  task_num_all  time_ms_all  time_ms_dynamic     ratio
0      10              10           100       1155.2           1160.8  0.995176
1      10               2            20         59.3             57.1  1.038529
2      10               5            50        259.5            251.8  1.030580
3      20              10           200       9119.2           9098.8  1.002242
4      20               2            40        213.8            233.4  0.916024
5      20               5           100       1691.9           1690.3  1.000947
6      30              10           300      30661.1          30699.5  0.998749
7      30               2            60        623.9            621.8  1.003377
8      30               5           150       5287.8           5285.3  1.000473
9      40              10           400      71534.5          71269.7  1.003715
10     40               2            80       1369.7           1364.4  1.003884
11     40               5           200      12553.7          12525.4  1.002259
12     50              10           500     146742.4         147006.4  0.998204
13     50               2           100       2592.5           2600.5  0.996924
14     50               5           250      26358.9          26299.2  1.002270
DP-S-PHI-0.1.png Dummy Path: S Map, Phi=0.1
    agent  task_per_agent  task_num_all  time_ms_all  time_ms_dynamic     ratio
0      10              10           100       1259.7           1253.4  1.005026
1      10               2            20         59.2             60.3  0.981758
2      10               5            50        290.2            300.6  0.965403
3      20              10           200       9064.8           9098.8  0.996263
4      20               2            40        234.9            232.0  1.012500
5      20               5           100       1834.6           1831.9  1.001474
6      30              10           300      31670.2          31621.7  1.001534
7      30               2            60        618.3            619.6  0.997902
8      30               5           150       5618.3           5592.5  1.004613
9      40              10           400      68380.0          68258.8  1.001776
10     40               2            80       1407.8           1413.7  0.995827
11     40               5           200      13364.9          13392.8  0.997917
12     50              10           500     141943.0         143006.5  0.992563
13     50               2           100       2655.1           2640.7  1.005453
14     50               5           250      27269.3          27265.0  1.000158
DP-S-PHI-0.25.png Dummy Path: S Map, Phi=0.25
    agent  task_per_agent  task_num_all  time_ms_all  time_ms_dynamic     ratio
0      10              10           100       1410.7           1427.6  0.988162
1      10               2            20         66.9             66.4  1.007530
2      10               5            50        292.1            291.4  1.002402
3      20              10           200       8593.5           8656.0  0.992780
4      20               2            40        243.0            232.5  1.045161
5      20               5           100       1828.0           1822.3  1.003128
6      30              10           300      30776.3          30728.3  1.001562
7      30               2            60        624.6            628.7  0.993479
8      30               5           150       5902.3           5909.0  0.998866
9      40              10           400      66251.6          66136.0  1.001748
10     40               2            80       1313.4           1324.0  0.991994
11     40               5           200      13137.7          13265.1  0.990396
12     50              10           500     139981.7         139943.0  1.000277
13     50               2           100       2628.8           2590.4  1.014824
14     50               5           250      26466.8          26415.7  1.001934
DP-L-PHI-n0.25.png Dummy Path: L Map, Phi=-0.25
    agent  task_per_agent  task_num_all  time_ms_all  time_ms_dynamic     ratio
0     120              10          1200    1686613.2        1607131.8  1.049455
1     120               2           240      26041.2          20551.6  1.267113
2     120               5           600     352581.1         340456.3  1.035613
3     150              10          1500    2984702.2        2694876.9  1.107547
4     150               2           300      52343.5          39820.1  1.314499
5     150               5           750     714460.5         591585.9  1.207704
6     180              10          1800    4594962.7        3773797.0  1.217597
7     180               2           360      87812.9          72023.1  1.219232
8     180               5           900    1087648.5        1046326.3  1.039493
9      60              10           600     254778.8         211896.6  1.202373
10     60               2           120       3863.3           2682.5  1.440186
11     60               5           300      47737.9          39459.4  1.209798
12     90              10           900     750032.9         730681.2  1.026484
13     90               2           180      12259.1           8543.9  1.434837
14     90               5           450     160035.2         142787.8  1.120790
DP-L-PHI-n0.1.png Dummy Path: L Map, Phi=-0.1
    agent  task_per_agent  task_num_all  time_ms_all  time_ms_dynamic     ratio
0     120              10          1200  2535744.600      2386354.800  1.062602
1     120               2           240    39433.800        30150.200  1.307912
2     120               5           600   439285.400       396095.400  1.109039
3     150              10          1500  5306690.700      5163560.600  1.027719
4     150               2           300    72541.000        59826.100  1.212531
5     150               5           750   895549.600       770772.000  1.161887
6     180              10          1800  8238234.800      8883082.700  0.927407
7     180               2           360   123835.900       103502.300  1.196456
8     180               5           900  1351637.875      1329065.375  1.016984
9      60              10           600   315945.800       283951.500  1.112675
10     60               2           120     5600.700         3719.600  1.505726
11     60               5           300    59379.700        46637.500  1.273218
12     90              10           900  1022077.400      1015994.600  1.005987
13     90               2           180    17235.200        12186.900  1.414240
14     90               5           450   184060.700       169209.600  1.087767
DP-L-PHI-0.0.png Dummy Path: L Map, Phi=0.0
    agent  task_per_agent  task_num_all  time_ms_all  time_ms_dynamic     ratio
0     120              10          1200    2410036.6        2498566.6  0.964568
1     120               2           240      51607.3          40904.9  1.261641
2     120               5           600     478672.3         471576.2  1.015048
3     150              10          1500    5700275.0        6601509.0  0.863481
4     150               2           300     104223.4          85426.5  1.220036
5     150               5           750    1009160.7        1024913.6  0.984630
6     180              10          1800    8990058.3        9449544.9  0.951375
7     180               2           360     182128.0         150737.2  1.208249
8     180               5           900    1506644.0        1524750.5  0.988125
9      60              10           600     317089.6         311498.4  1.017949
10     60               2           120       6438.8           4529.7  1.421463
11     60               5           300      62492.7          51307.2  1.218010
12     90              10           900    1180333.8        1107121.1  1.066129
13     90               2           180      21144.1          15485.6  1.365404
14     90               5           450     208959.5         192116.5  1.087671
DP-L-PHI-0.1.png Dummy Path: L Map, Phi=0.1
    agent  task_per_agent  task_num_all  time_ms_all  time_ms_dynamic     ratio
0     120              10          1200    2616533.5        2641034.0  0.990723
1     120               2           240      46075.4          37476.8  1.229438
2     120               5           600     450420.2         480479.9  0.937438
3     150              10          1500    5386564.4        5967156.7  0.902702
4     150               2           300      95669.7          77474.4  1.234856
5     150               5           750    1022076.1         935183.2  1.092915
6     180              10          1800    8165174.8        9437336.8  0.865199
7     180               2           360     163297.2         139839.8  1.167745
8     180               5           900    1362262.4        1396898.5  0.975205
9      60              10           600     301352.7         278679.6  1.081359
10     60               2           120       6050.7           4386.6  1.379360
11     60               5           300      58070.1          49586.4  1.171089
12     90              10           900    1025539.5        1053133.9  0.973798
13     90               2           180      19044.9          15191.8  1.253630
14     90               5           450     199833.2         183914.0  1.086558
DP-L-PHI-0.25.png Dummy Path: L Map, Phi=0.25
    agent  task_per_agent  task_num_all   time_ms_all  time_ms_dynamic     ratio
0     120              10          1200  2.541999e+06      2575274.000  0.987079
1     120               2           240  4.502750e+04        37250.800  1.208766
2     120               5           600  4.671303e+05       427074.400  1.093791
3     150              10          1500  5.298446e+06      5668928.400  0.934647
4     150               2           300  9.170740e+04        77263.500  1.186943
5     150               5           750  1.007593e+06       908838.600  1.108660
6     180              10          1800  8.509940e+06      8614665.800  0.987843
7     180               2           360  1.604438e+05       139675.900  1.148686
8     180               5           900  1.413721e+06      1457267.625  0.970118
9      60              10           600  2.810246e+05       281677.100  0.997684
10     60               2           120  5.751500e+03         4327.700  1.328997
11     60               5           300  6.190680e+04        50947.100  1.215119
12     90              10           900  1.001720e+06       942492.200  1.062841
13     90               2           180  1.736130e+04        14340.200  1.210673
14     90               5           450  1.882361e+05       169932.500  1.107711
BB-S-PHI-n0.25.png Branch and Bound: S Map, Phi=-0.25
    agent  task_per_agent  task_num_sort  time_ms_no  time_ms_sort      ratio
0      10              10            100      5306.3         651.4   8.145993
1      10               2             20       158.6          41.6   3.812500
2      10               5             50      1123.2         209.6   5.358779
3      20              10            200     62341.4        4028.9  15.473554
4      20               2             40      1322.9         150.9   8.766733
5      20               5            100     13680.1        1190.1  11.494916
6      30               2             60      5672.9         363.7  15.597745
7      30               5            150     61717.2        3415.2  18.071328
8      40               2             80     15942.9         752.9  21.175322
9      40               5            200     84658.6        8291.9  10.209795
10     50               2            100     36190.4        1284.2  28.181280
BB-S-PHI-n0.1.png Branch and Bound: S Map, Phi=-0.1
   agent  task_per_agent  task_num_sort  time_ms_no  time_ms_sort      ratio
0     10              10            100      7118.1        1051.2   6.771404
1     10               2             20       207.5          53.3   3.893058
2     10               5             50      1441.1         243.7   5.913418
3     20              10            200     97482.8        7457.5  13.071780
4     20               2             40      1871.0         182.9  10.229634
5     20               5            100     17373.6        1428.8  12.159574
6     30               2             60      8237.6         523.7  15.729616
7     30               5            150     84532.3        4839.7  17.466434
8     40               2             80     22739.9        1044.0  21.781513
9     50               2            100     54061.2        1883.7  28.699474
BB-S-PHI-0.0.png Branch and Bound: S Map, Phi=0.0
   agent  task_per_agent  task_num_sort  time_ms_no  time_ms_sort      ratio
0     10              10            100      8088.6        1160.8   6.968125
1     10               2             20       245.9          57.1   4.306480
2     10               5             50      1603.3         251.8   6.367355
3     20              10            200    114758.0        9098.8  12.612432
4     20               2             40      2323.6         233.4   9.955441
5     20               5            100     20240.6        1690.3  11.974561
6     30               2             60     10316.0         621.8  16.590544
7     30               5            150     98585.4        5285.3  18.652754
8     40               2             80     29500.9        1364.4  21.621885
9     50               2            100     68622.8        2600.5  26.388310
BB-S-PHI-0.1.png Branch and Bound: S Map, Phi=0.1
   agent  task_per_agent  task_num_sort  time_ms_no  time_ms_sort      ratio
0     10              10            100      8946.3        1253.4   7.137626
1     10               2             20       256.7          60.3   4.257048
2     10               5             50      1768.2         300.6   5.882236
3     20              10            200    127356.2        9098.8  13.997033
4     20               2             40      2556.5         232.0  11.019397
5     20               5            100     23330.5        1831.9  12.735684
6     30               2             60     11341.0         619.6  18.303744
7     30               5            150    111857.5        5592.5  20.001341
8     40               2             80     32097.5        1413.7  22.704605
9     50               2            100     77117.2        2640.7  29.203317
BB-S-PHI-0.25.png Branch and Bound: S Map, Phi=0.25
   agent  task_per_agent  task_num_sort  time_ms_no  time_ms_sort      ratio
0     10              10            100      9880.6        1427.6   6.921126
1     10               2             20       265.0          66.4   3.990964
2     10               5             50      1907.5         291.4   6.545985
3     20              10            200    138139.2        8656.0  15.958780
4     20               2             40      2803.6         232.5  12.058495
5     20               5            100     26136.2        1822.3  14.342424
6     30               2             60     12192.0         628.7  19.392397
7     30               5            150    120983.0        5909.0  20.474361
8     40               2             80     36266.4        1324.0  27.391541
9     50               2            100     84924.1        2590.4  32.784165
